16
-0.478143 -0.249997 0.000057 
-0.478143 -0.249997 0.499538 
-0.478143 0.249997 0.000057 
-0.478143 0.249997 0.499538 
-0.976352 -0.249997 0.000057 
-0.976352 -0.249997 0.499538 
-0.976352 0.249997 0.000057 
-0.976352 0.249997 0.499538 
3.020137 -0.249997 0.000057 
3.020137 -0.249997 0.499538 
3.020137 0.249997 0.000057 
3.020137 0.249997 0.499538 
2.521928 -0.249997 0.000057 
2.521928 -0.249997 0.499538 
2.521928 0.249997 0.000057 
2.521928 0.249997 0.499538 
6 2 3 4 5 6 7 
5 3 4 5 6 8 
4 4 5 7 8 
3 6 7 8 
3 6 7 8 
2 7 8 
1 8 
0 
6 10 11 12 13 14 15 
5 11 12 13 14 16 
4 12 13 15 16 
3 14 15 16 
3 14 15 16 
2 15 16 
1 16 
0 
