16
-3.506222 -0.250003 0.000010 
-3.506222 -0.250003 0.499987 
-3.506222 0.250003 0.000010 
-3.506222 0.250003 0.499987 
-4.006227 -0.250003 0.000010 
-4.006227 -0.250003 0.499987 
-4.006227 0.250003 0.000010 
-4.006227 0.250003 0.499987 
0.250003 -0.250003 0.000010 
0.250003 -0.250003 0.499987 
0.250003 0.250003 0.000010 
0.250003 0.250003 0.499987 
-0.250003 -0.250003 0.000010 
-0.250003 -0.250003 0.499987 
-0.250003 0.250003 0.000010 
-0.250003 0.250003 0.499987 
6 2 3 4 5 6 7 
5 3 4 5 6 8 
4 4 5 7 8 
3 6 7 8 
3 6 7 8 
2 7 8 
1 8 
0 
6 10 11 12 13 14 15 
5 11 12 13 14 16 
4 12 13 15 16 
3 14 15 16 
3 14 15 16 
2 15 16 
1 16 
0 
