16
-0.459384 -0.248949 0.000081 
-0.459384 -0.248949 0.499941 
-0.459384 0.248949 0.000081 
-0.459384 0.248949 0.499941 
-0.960251 -0.248949 0.000081 
-0.960251 -0.248949 0.499941 
-0.960251 0.248949 0.000081 
-0.960251 0.248949 0.499941 
6.031383 -0.248949 0.000081 
6.031383 -0.248949 0.499941 
6.031383 0.248949 0.000081 
6.031383 0.248949 0.499941 
5.530517 -0.248949 0.000081 
5.530517 -0.248949 0.499941 
5.530517 0.248949 0.000081 
5.530517 0.248949 0.499941 
6 2 3 4 5 6 7 
5 3 4 5 6 8 
4 4 5 7 8 
3 6 7 8 
3 6 7 8 
2 7 8 
1 8 
0 
6 10 11 12 13 14 15 
5 11 12 13 14 16 
4 12 13 15 16 
3 14 15 16 
3 14 15 16 
2 15 16 
1 16 
0 
