16
-0.455287 -0.249980 0.000088 
-0.455287 -0.249980 0.499995 
-0.455287 0.249980 0.000088 
-0.455287 0.249980 0.499995 
-0.956431 -0.249980 0.000088 
-0.956431 -0.249980 0.499995 
-0.956431 0.249980 0.000088 
-0.956431 0.249980 0.499995 
6.715075 -0.249980 0.000088 
6.715075 -0.249980 0.499995 
6.715075 0.249980 0.000088 
6.715075 0.249980 0.499995 
6.213931 -0.249980 0.000088 
6.213931 -0.249980 0.499995 
6.213931 0.249980 0.000088 
6.213931 0.249980 0.499995 
6 2 3 4 5 6 7 
5 3 4 5 6 8 
4 4 5 7 8 
3 6 7 8 
3 6 7 8 
2 7 8 
1 8 
0 
6 10 11 12 13 14 15 
5 11 12 13 14 16 
4 12 13 15 16 
3 14 15 16 
3 14 15 16 
2 15 16 
1 16 
0 
