16
-0.475025 -0.251419 0.000061 
-0.475025 -0.251419 0.500132 
-0.475025 0.251419 0.000061 
-0.475025 0.251419 0.500132 
-0.974048 -0.251419 0.000061 
-0.974048 -0.251419 0.500132 
-0.974048 0.251419 0.000061 
-0.974048 0.251419 0.500132 
3.488717 -0.251419 0.000061 
3.488717 -0.251419 0.500132 
3.488717 0.251419 0.000061 
3.488717 0.251419 0.500132 
2.989694 -0.251419 0.000061 
2.989694 -0.251419 0.500132 
2.989694 0.251419 0.000061 
2.989694 0.251419 0.500132 
6 2 3 4 5 6 7 
5 3 4 5 6 8 
4 4 5 7 8 
3 6 7 8 
3 6 7 8 
2 7 8 
1 8 
0 
6 10 11 12 13 14 15 
5 11 12 13 14 16 
4 12 13 15 16 
3 14 15 16 
3 14 15 16 
2 15 16 
1 16 
0 
