16
-0.454383 -0.249871 0.000092 
-0.454383 -0.249871 0.500195 
-0.454383 0.249871 0.000092 
-0.454383 0.249871 0.500195 
-0.953394 -0.249871 0.000092 
-0.953394 -0.249871 0.500195 
-0.953394 0.249871 0.000092 
-0.953394 0.249871 0.500195 
7.054250 -0.249871 0.000092 
7.054250 -0.249871 0.500195 
7.054250 0.249871 0.000092 
7.054250 0.249871 0.500195 
6.555239 -0.249871 0.000092 
6.555239 -0.249871 0.500195 
6.555239 0.249871 0.000092 
6.555239 0.249871 0.500195 
6 2 3 4 5 6 7 
5 3 4 5 6 8 
4 4 5 7 8 
3 6 7 8 
3 6 7 8 
2 7 8 
1 8 
0 
6 10 11 12 13 14 15 
5 11 12 13 14 16 
4 12 13 15 16 
3 14 15 16 
3 14 15 16 
2 15 16 
1 16 
0 
