16
-0.452781 -0.249074 0.000091 
-0.452781 -0.249074 0.499637 
-0.452781 0.249074 0.000091 
-0.452781 0.249074 0.499637 
-0.953684 -0.249074 0.000091 
-0.953684 -0.249074 0.499637 
-0.953684 0.249074 0.000091 
-0.953684 0.249074 0.499637 
7.168383 -0.249074 0.000091 
7.168383 -0.249074 0.499637 
7.168383 0.249074 0.000091 
7.168383 0.249074 0.499637 
6.667480 -0.249074 0.000091 
6.667480 -0.249074 0.499637 
6.667480 0.249074 0.000091 
6.667480 0.249074 0.499637 
6 2 3 4 5 6 7 
5 3 4 5 6 8 
4 4 5 7 8 
3 6 7 8 
3 6 7 8 
2 7 8 
1 8 
0 
6 10 11 12 13 14 15 
5 11 12 13 14 16 
4 12 13 15 16 
3 14 15 16 
3 14 15 16 
2 15 16 
1 16 
0 
