16
-0.479621 -0.249902 0.000052 
-0.479621 -0.249902 0.500504 
-0.479621 0.249902 0.000052 
-0.479621 0.249902 0.500504 
-0.981682 -0.249902 0.000052 
-0.981682 -0.249902 0.500504 
-0.981682 0.249902 0.000052 
-0.981682 0.249902 0.500504 
2.434206 -0.249902 0.000052 
2.434206 -0.249902 0.500504 
2.434206 0.249902 0.000052 
2.434206 0.249902 0.500504 
1.932145 -0.249902 0.000052 
1.932145 -0.249902 0.500504 
1.932145 0.249902 0.000052 
1.932145 0.249902 0.500504 
6 2 3 4 5 6 7 
5 3 4 5 6 8 
4 4 5 7 8 
3 6 7 8 
3 6 7 8 
2 7 8 
1 8 
0 
6 10 11 12 13 14 15 
5 11 12 13 14 16 
4 12 13 15 16 
3 14 15 16 
3 14 15 16 
2 15 16 
1 16 
0 
