16
-2.520115 -0.250006 0.000018 
-2.520115 -0.250006 0.499974 
-2.520115 0.250006 0.000018 
-2.520115 0.250006 0.499974 
-3.020126 -0.250006 0.000018 
-3.020126 -0.250006 0.499974 
-3.020126 0.250006 0.000018 
-3.020126 0.250006 0.499974 
0.250006 -0.250006 0.000018 
0.250006 -0.250006 0.499974 
0.250006 0.250006 0.000018 
0.250006 0.250006 0.499974 
-0.250006 -0.250006 0.000018 
-0.250006 -0.250006 0.499974 
-0.250006 0.250006 0.000018 
-0.250006 0.250006 0.499974 
6 2 3 4 5 6 7 
5 3 4 5 6 8 
4 4 5 7 8 
3 6 7 8 
3 6 7 8 
2 7 8 
1 8 
0 
6 10 11 12 13 14 15 
5 11 12 13 14 16 
4 12 13 15 16 
3 14 15 16 
3 14 15 16 
2 15 16 
1 16 
0 
