16
-0.456809 -0.250130 0.000083 
-0.456809 -0.250130 0.500059 
-0.456809 0.250130 0.000083 
-0.456809 0.250130 0.500059 
-0.957542 -0.250130 0.000083 
-0.957542 -0.250130 0.500059 
-0.957542 0.250130 0.000083 
-0.957542 0.250130 0.500059 
6.487474 -0.250130 0.000083 
6.487474 -0.250130 0.500059 
6.487474 0.250130 0.000083 
6.487474 0.250130 0.500059 
5.986741 -0.250130 0.000083 
5.986741 -0.250130 0.500059 
5.986741 0.250130 0.000083 
5.986741 0.250130 0.500059 
6 2 3 4 5 6 7 
5 3 4 5 6 8 
4 4 5 7 8 
3 6 7 8 
3 6 7 8 
2 7 8 
1 8 
0 
6 10 11 12 13 14 15 
5 11 12 13 14 16 
4 12 13 15 16 
3 14 15 16 
3 14 15 16 
2 15 16 
1 16 
0 
