16
-0.459856 -0.250062 0.000085 
-0.459856 -0.250062 0.499888 
-0.459856 0.250062 0.000085 
-0.459856 0.250062 0.499888 
-0.958456 -0.250062 0.000085 
-0.958456 -0.250062 0.499888 
-0.958456 0.250062 0.000085 
-0.958456 0.250062 0.499888 
6.144460 -0.250062 0.000085 
6.144460 -0.250062 0.499888 
6.144460 0.250062 0.000085 
6.144460 0.250062 0.499888 
5.645861 -0.250062 0.000085 
5.645861 -0.250062 0.499888 
5.645861 0.250062 0.000085 
5.645861 0.250062 0.499888 
6 2 3 4 5 6 7 
5 3 4 5 6 8 
4 4 5 7 8 
3 6 7 8 
3 6 7 8 
2 7 8 
1 8 
0 
6 10 11 12 13 14 15 
5 11 12 13 14 16 
4 12 13 15 16 
3 14 15 16 
3 14 15 16 
2 15 16 
1 16 
0 
