16
-1.907800 -0.249999 0.000022 
-1.907800 -0.249999 0.500019 
-1.907800 0.249999 0.000022 
-1.907800 0.249999 0.500019 
-2.407798 -0.249999 0.000022 
-2.407798 -0.249999 0.500019 
-2.407798 0.249999 0.000022 
-2.407798 0.249999 0.500019 
0.249999 -0.249999 0.000022 
0.249999 -0.249999 0.500019 
0.249999 0.249999 0.000022 
0.249999 0.249999 0.500019 
-0.249999 -0.249999 0.000022 
-0.249999 -0.249999 0.500019 
-0.249999 0.249999 0.000022 
-0.249999 0.249999 0.500019 
6 2 3 4 5 6 7 
5 3 4 5 6 8 
4 4 5 7 8 
3 6 7 8 
3 6 7 8 
2 7 8 
1 8 
0 
6 10 11 12 13 14 15 
5 11 12 13 14 16 
4 12 13 15 16 
3 14 15 16 
3 14 15 16 
2 15 16 
1 16 
0 
