16
-0.456943 -0.251011 0.000089 
-0.456943 -0.251011 0.500407 
-0.456943 0.251011 0.000089 
-0.456943 0.251011 0.500407 
-0.956090 -0.251011 0.000089 
-0.956090 -0.251011 0.500407 
-0.956090 0.251011 0.000089 
-0.956090 0.251011 0.500407 
6.600436 -0.251011 0.000089 
6.600436 -0.251011 0.500407 
6.600436 0.251011 0.000089 
6.600436 0.251011 0.500407 
6.101288 -0.251011 0.000089 
6.101288 -0.251011 0.500407 
6.101288 0.251011 0.000089 
6.101288 0.251011 0.500407 
6 2 3 4 5 6 7 
5 3 4 5 6 8 
4 4 5 7 8 
3 6 7 8 
3 6 7 8 
2 7 8 
1 8 
0 
6 10 11 12 13 14 15 
5 11 12 13 14 16 
4 12 13 15 16 
3 14 15 16 
3 14 15 16 
2 15 16 
1 16 
0 
