16
-2.397412 -0.249999 0.000019 
-2.397412 -0.249999 0.500020 
-2.397412 0.249999 0.000019 
-2.397412 0.249999 0.500020 
-2.897410 -0.249999 0.000019 
-2.897410 -0.249999 0.500020 
-2.897410 0.249999 0.000019 
-2.897410 0.249999 0.500020 
0.249999 -0.249999 0.000019 
0.249999 -0.249999 0.500020 
0.249999 0.249999 0.000019 
0.249999 0.249999 0.500020 
-0.249999 -0.249999 0.000019 
-0.249999 -0.249999 0.500020 
-0.249999 0.249999 0.000019 
-0.249999 0.249999 0.500020 
6 2 3 4 5 6 7 
5 3 4 5 6 8 
4 4 5 7 8 
3 6 7 8 
3 6 7 8 
2 7 8 
1 8 
0 
6 10 11 12 13 14 15 
5 11 12 13 14 16 
4 12 13 15 16 
3 14 15 16 
3 14 15 16 
2 15 16 
1 16 
0 
