16
-0.491168 -0.250040 0.000041 
-0.491168 -0.250040 0.499552 
-0.491168 0.250040 0.000041 
-0.491168 0.250040 0.499552 
-0.989382 -0.250040 0.000041 
-0.989382 -0.250040 0.499552 
-0.989382 0.250040 0.000041 
-0.989382 0.250040 0.499552 
0.770562 -0.250040 0.000041 
0.770562 -0.250040 0.499552 
0.770562 0.250040 0.000041 
0.770562 0.250040 0.499552 
0.272348 -0.250040 0.000041 
0.272348 -0.250040 0.499552 
0.272348 0.250040 0.000041 
0.272348 0.250040 0.499552 
6 2 3 4 5 6 7 
5 3 4 5 6 8 
4 4 5 7 8 
3 6 7 8 
3 6 7 8 
2 7 8 
1 8 
0 
6 10 11 12 13 14 15 
5 11 12 13 14 16 
4 12 13 15 16 
3 14 15 16 
3 14 15 16 
2 15 16 
1 16 
0 
