16
-0.475056 -0.249141 0.000057 
-0.475056 -0.249141 0.499813 
-0.475056 0.249141 0.000057 
-0.475056 0.249141 0.499813 
-0.976725 -0.249141 0.000057 
-0.976725 -0.249141 0.499813 
-0.976725 0.249141 0.000057 
-0.976725 0.249141 0.499813 
3.256187 -0.249141 0.000057 
3.256187 -0.249141 0.499813 
3.256187 0.249141 0.000057 
3.256187 0.249141 0.499813 
2.754518 -0.249141 0.000057 
2.754518 -0.249141 0.499813 
2.754518 0.249141 0.000057 
2.754518 0.249141 0.499813 
6 2 3 4 5 6 7 
5 3 4 5 6 8 
4 4 5 7 8 
3 6 7 8 
3 6 7 8 
2 7 8 
1 8 
0 
6 10 11 12 13 14 15 
5 11 12 13 14 16 
4 12 13 15 16 
3 14 15 16 
3 14 15 16 
2 15 16 
1 16 
0 
