16
-3.753984 -0.250002 0.000008 
-3.753984 -0.250002 0.499992 
-3.753984 0.250002 0.000008 
-3.753984 0.250002 0.499992 
-4.253987 -0.250002 0.000008 
-4.253987 -0.250002 0.499992 
-4.253987 0.250002 0.000008 
-4.253987 0.250002 0.499992 
0.250002 -0.250002 0.000008 
0.250002 -0.250002 0.499992 
0.250002 0.250002 0.000008 
0.250002 0.250002 0.499992 
-0.250002 -0.250002 0.000008 
-0.250002 -0.250002 0.499992 
-0.250002 0.250002 0.000008 
-0.250002 0.250002 0.499992 
6 2 3 4 5 6 7 
5 3 4 5 6 8 
4 4 5 7 8 
3 6 7 8 
3 6 7 8 
2 7 8 
1 8 
0 
6 10 11 12 13 14 15 
5 11 12 13 14 16 
4 12 13 15 16 
3 14 15 16 
3 14 15 16 
2 15 16 
1 16 
0 
