16
-3.878049 -0.250003 0.000007 
-3.878049 -0.250003 0.499977 
-3.878049 0.250003 0.000007 
-3.878049 0.250003 0.499977 
-4.378055 -0.250003 0.000007 
-4.378055 -0.250003 0.499977 
-4.378055 0.250003 0.000007 
-4.378055 0.250003 0.499977 
0.250003 -0.250003 0.000007 
0.250003 -0.250003 0.499977 
0.250003 0.250003 0.000007 
0.250003 0.250003 0.499977 
-0.250003 -0.250003 0.000007 
-0.250003 -0.250003 0.499977 
-0.250003 0.250003 0.000007 
-0.250003 0.250003 0.499977 
6 2 3 4 5 6 7 
5 3 4 5 6 8 
4 4 5 7 8 
3 6 7 8 
3 6 7 8 
2 7 8 
1 8 
0 
6 10 11 12 13 14 15 
5 11 12 13 14 16 
4 12 13 15 16 
3 14 15 16 
3 14 15 16 
2 15 16 
1 16 
0 
