16
-0.477361 -0.248581 0.000057 
-0.477361 -0.248581 0.500063 
-0.477361 0.248581 0.000057 
-0.477361 0.248581 0.500063 
-0.978493 -0.248581 0.000057 
-0.978493 -0.248581 0.500063 
-0.978493 0.248581 0.000057 
-0.978493 0.248581 0.500063 
2.904262 -0.248581 0.000057 
2.904262 -0.248581 0.500063 
2.904262 0.248581 0.000057 
2.904262 0.248581 0.500063 
2.403130 -0.248581 0.000057 
2.403130 -0.248581 0.500063 
2.403130 0.248581 0.000057 
2.403130 0.248581 0.500063 
6 2 3 4 5 6 7 
5 3 4 5 6 8 
4 4 5 7 8 
3 6 7 8 
3 6 7 8 
2 7 8 
1 8 
0 
6 10 11 12 13 14 15 
5 11 12 13 14 16 
4 12 13 15 16 
3 14 15 16 
3 14 15 16 
2 15 16 
1 16 
0 
