16
-1.663726 -0.250000 0.000024 
-1.663726 -0.250000 0.500016 
-1.663726 0.250000 0.000024 
-1.663726 0.250000 0.500016 
-2.163727 -0.250000 0.000024 
-2.163727 -0.250000 0.500016 
-2.163727 0.250000 0.000024 
-2.163727 0.250000 0.500016 
0.250000 -0.250000 0.000024 
0.250000 -0.250000 0.500016 
0.250000 0.250000 0.000024 
0.250000 0.250000 0.500016 
-0.250000 -0.250000 0.000024 
-0.250000 -0.250000 0.500016 
-0.250000 0.250000 0.000024 
-0.250000 0.250000 0.500016 
6 2 3 4 5 6 7 
5 3 4 5 6 8 
4 4 5 7 8 
3 6 7 8 
3 6 7 8 
2 7 8 
1 8 
0 
6 10 11 12 13 14 15 
5 11 12 13 14 16 
4 12 13 15 16 
3 14 15 16 
3 14 15 16 
2 15 16 
1 16 
0 
