16
-0.455245 -0.250492 0.000091 
-0.455245 -0.250492 0.499734 
-0.455245 0.250492 0.000091 
-0.455245 0.250492 0.499734 
-0.953844 -0.250492 0.000091 
-0.953844 -0.250492 0.499734 
-0.953844 0.250492 0.000091 
-0.953844 0.250492 0.499734 
6.940744 -0.250492 0.000091 
6.940744 -0.250492 0.499734 
6.940744 0.250492 0.000091 
6.940744 0.250492 0.499734 
6.442145 -0.250492 0.000091 
6.442145 -0.250492 0.499734 
6.442145 0.250492 0.000091 
6.442145 0.250492 0.499734 
6 2 3 4 5 6 7 
5 3 4 5 6 8 
4 4 5 7 8 
3 6 7 8 
3 6 7 8 
2 7 8 
1 8 
0 
6 10 11 12 13 14 15 
5 11 12 13 14 16 
4 12 13 15 16 
3 14 15 16 
3 14 15 16 
2 15 16 
1 16 
0 
