16
-0.465873 -0.249068 0.000075 
-0.465873 -0.249068 0.500232 
-0.465873 0.249068 0.000075 
-0.465873 0.249068 0.500232 
-0.967062 -0.249068 0.000075 
-0.967062 -0.249068 0.500232 
-0.967062 0.249068 0.000075 
-0.967062 0.249068 0.500232 
4.883136 -0.249068 0.000075 
4.883136 -0.249068 0.500232 
4.883136 0.249068 0.000075 
4.883136 0.249068 0.500232 
4.381947 -0.249068 0.000075 
4.381947 -0.249068 0.500232 
4.381947 0.249068 0.000075 
4.381947 0.249068 0.500232 
6 2 3 4 5 6 7 
5 3 4 5 6 8 
4 4 5 7 8 
3 6 7 8 
3 6 7 8 
2 7 8 
1 8 
0 
6 10 11 12 13 14 15 
5 11 12 13 14 16 
4 12 13 15 16 
3 14 15 16 
3 14 15 16 
2 15 16 
1 16 
0 
