16
-0.594287 -0.250122 0.000029 
-0.594287 -0.250122 0.501144 
-0.594287 0.250122 0.000029 
-0.594287 0.250122 0.501144 
-1.092680 -0.250122 0.000029 
-1.092680 -0.250122 0.501144 
-1.092680 0.250122 0.000029 
-1.092680 0.250122 0.501144 
0.271259 -0.250122 0.000029 
0.271259 -0.250122 0.501144 
0.271259 0.250122 0.000029 
0.271259 0.250122 0.501144 
-0.227134 -0.250122 0.000029 
-0.227134 -0.250122 0.501144 
-0.227134 0.250122 0.000029 
-0.227134 0.250122 0.501144 
6 2 3 4 5 6 7 
5 3 4 5 6 8 
4 4 5 7 8 
3 6 7 8 
3 6 7 8 
2 7 8 
1 8 
0 
6 10 11 12 13 14 15 
5 11 12 13 14 16 
4 12 13 15 16 
3 14 15 16 
3 14 15 16 
2 15 16 
1 16 
0 
