16
-0.468343 -0.251172 0.000073 
-0.468343 -0.251172 0.500456 
-0.468343 0.251172 0.000073 
-0.468343 0.251172 0.500456 
-0.967269 -0.251172 0.000073 
-0.967269 -0.251172 0.500456 
-0.967269 0.251172 0.000073 
-0.967269 0.251172 0.500456 
4.650941 -0.251172 0.000073 
4.650941 -0.251172 0.500456 
4.650941 0.251172 0.000073 
4.650941 0.251172 0.500456 
4.152015 -0.251172 0.000073 
4.152015 -0.251172 0.500456 
4.152015 0.251172 0.000073 
4.152015 0.251172 0.500456 
6 2 3 4 5 6 7 
5 3 4 5 6 8 
4 4 5 7 8 
3 6 7 8 
3 6 7 8 
2 7 8 
1 8 
0 
6 10 11 12 13 14 15 
5 11 12 13 14 16 
4 12 13 15 16 
3 14 15 16 
3 14 15 16 
2 15 16 
1 16 
0 
