16
-0.474751 -0.250026 0.000056 
-0.474751 -0.250026 0.500366 
-0.474751 0.250026 0.000056 
-0.474751 0.250026 0.500366 
-0.975675 -0.250026 0.000056 
-0.975675 -0.250026 0.500366 
-0.975675 0.250026 0.000056 
-0.975675 0.250026 0.500366 
3.372800 -0.250026 0.000056 
3.372800 -0.250026 0.500366 
3.372800 0.250026 0.000056 
3.372800 0.250026 0.500366 
2.871875 -0.250026 0.000056 
2.871875 -0.250026 0.500366 
2.871875 0.250026 0.000056 
2.871875 0.250026 0.500366 
6 2 3 4 5 6 7 
5 3 4 5 6 8 
4 4 5 7 8 
3 6 7 8 
3 6 7 8 
2 7 8 
1 8 
0 
6 10 11 12 13 14 15 
5 11 12 13 14 16 
4 12 13 15 16 
3 14 15 16 
3 14 15 16 
2 15 16 
1 16 
0 
