16
-0.482064 -0.248578 0.000045 
-0.482064 -0.248578 0.499689 
-0.482064 0.248578 0.000045 
-0.482064 0.248578 0.499689 
-0.983342 -0.248578 0.000045 
-0.983342 -0.248578 0.499689 
-0.983342 0.248578 0.000045 
-0.983342 0.248578 0.499689 
2.079688 -0.248578 0.000045 
2.079688 -0.248578 0.499689 
2.079688 0.248578 0.000045 
2.079688 0.248578 0.499689 
1.578410 -0.248578 0.000045 
1.578410 -0.248578 0.499689 
1.578410 0.248578 0.000045 
1.578410 0.248578 0.499689 
6 2 3 4 5 6 7 
5 3 4 5 6 8 
4 4 5 7 8 
3 6 7 8 
3 6 7 8 
2 7 8 
1 8 
0 
6 10 11 12 13 14 15 
5 11 12 13 14 16 
4 12 13 15 16 
3 14 15 16 
3 14 15 16 
2 15 16 
1 16 
0 
