16
-1.541870 -0.250004 0.000026 
-1.541870 -0.250004 0.499995 
-1.541870 0.250004 0.000026 
-1.541870 0.250004 0.499995 
-2.041877 -0.250004 0.000026 
-2.041877 -0.250004 0.499995 
-2.041877 0.250004 0.000026 
-2.041877 0.250004 0.499995 
0.250004 -0.250004 0.000026 
0.250004 -0.250004 0.499995 
0.250004 0.250004 0.000026 
0.250004 0.250004 0.499995 
-0.250004 -0.250004 0.000026 
-0.250004 -0.250004 0.499995 
-0.250004 0.250004 0.000026 
-0.250004 0.250004 0.499995 
6 2 3 4 5 6 7 
5 3 4 5 6 8 
4 4 5 7 8 
3 6 7 8 
3 6 7 8 
2 7 8 
1 8 
0 
6 10 11 12 13 14 15 
5 11 12 13 14 16 
4 12 13 15 16 
3 14 15 16 
3 14 15 16 
2 15 16 
1 16 
0 
