16
-0.465962 -0.250023 0.000074 
-0.465962 -0.250023 0.500118 
-0.465962 0.250023 0.000074 
-0.465962 0.250023 0.500118 
-0.964303 -0.250023 0.000074 
-0.964303 -0.250023 0.500118 
-0.964303 0.250023 0.000074 
-0.964303 0.250023 0.500118 
5.112313 -0.250023 0.000074 
5.112313 -0.250023 0.500118 
5.112313 0.250023 0.000074 
5.112313 0.250023 0.500118 
4.613972 -0.250023 0.000074 
4.613972 -0.250023 0.500118 
4.613972 0.250023 0.000074 
4.613972 0.250023 0.500118 
6 2 3 4 5 6 7 
5 3 4 5 6 8 
4 4 5 7 8 
3 6 7 8 
3 6 7 8 
2 7 8 
1 8 
0 
6 10 11 12 13 14 15 
5 11 12 13 14 16 
4 12 13 15 16 
3 14 15 16 
3 14 15 16 
2 15 16 
1 16 
0 
