16
-0.693659 -0.250019 0.000033 
-0.693659 -0.250019 0.500010 
-0.693659 0.250019 0.000033 
-0.693659 0.250019 0.500010 
-1.192382 -0.250019 0.000033 
-1.192382 -0.250019 0.500010 
-1.192382 0.250019 0.000033 
-1.192382 0.250019 0.500010 
0.250079 -0.250019 0.000033 
0.250079 -0.250019 0.500010 
0.250079 0.250019 0.000033 
0.250079 0.250019 0.500010 
-0.248645 -0.250019 0.000033 
-0.248645 -0.250019 0.500010 
-0.248645 0.250019 0.000033 
-0.248645 0.250019 0.500010 
6 2 3 4 5 6 7 
5 3 4 5 6 8 
4 4 5 7 8 
3 6 7 8 
3 6 7 8 
2 7 8 
1 8 
0 
6 10 11 12 13 14 15 
5 11 12 13 14 16 
4 12 13 15 16 
3 14 15 16 
3 14 15 16 
2 15 16 
1 16 
0 
