16
-0.484568 -0.250064 0.000049 
-0.484568 -0.250064 0.499814 
-0.484568 0.250064 0.000049 
-0.484568 0.250064 0.499814 
-0.982207 -0.250064 0.000049 
-0.982207 -0.250064 0.499814 
-0.982207 0.250064 0.000049 
-0.982207 0.250064 0.499814 
1.959590 -0.250064 0.000049 
1.959590 -0.250064 0.499814 
1.959590 0.250064 0.000049 
1.959590 0.250064 0.499814 
1.461950 -0.250064 0.000049 
1.461950 -0.250064 0.499814 
1.461950 0.250064 0.000049 
1.461950 0.250064 0.499814 
6 2 3 4 5 6 7 
5 3 4 5 6 8 
4 4 5 7 8 
3 6 7 8 
3 6 7 8 
2 7 8 
1 8 
0 
6 10 11 12 13 14 15 
5 11 12 13 14 16 
4 12 13 15 16 
3 14 15 16 
3 14 15 16 
2 15 16 
1 16 
0 
