16
-0.482053 -0.251322 0.000047 
-0.482053 -0.251322 0.500002 
-0.482053 0.251322 0.000047 
-0.482053 0.251322 0.500002 
-0.980616 -0.251322 0.000047 
-0.980616 -0.251322 0.500002 
-0.980616 0.251322 0.000047 
-0.980616 0.251322 0.500002 
2.314533 -0.251322 0.000047 
2.314533 -0.251322 0.500002 
2.314533 0.251322 0.000047 
2.314533 0.251322 0.500002 
1.815970 -0.251322 0.000047 
1.815970 -0.251322 0.500002 
1.815970 0.251322 0.000047 
1.815970 0.251322 0.500002 
6 2 3 4 5 6 7 
5 3 4 5 6 8 
4 4 5 7 8 
3 6 7 8 
3 6 7 8 
2 7 8 
1 8 
0 
6 10 11 12 13 14 15 
5 11 12 13 14 16 
4 12 13 15 16 
3 14 15 16 
3 14 15 16 
2 15 16 
1 16 
0 
