16
-0.466840 -0.250037 0.000073 
-0.466840 -0.250037 0.499882 
-0.466840 0.250037 0.000073 
-0.466840 0.250037 0.499882 
-0.967432 -0.250037 0.000073 
-0.967432 -0.250037 0.499882 
-0.967432 0.250037 0.000073 
-0.967432 0.250037 0.499882 
4.767363 -0.250037 0.000073 
4.767363 -0.250037 0.499882 
4.767363 0.250037 0.000073 
4.767363 0.250037 0.499882 
4.266771 -0.250037 0.000073 
4.266771 -0.250037 0.499882 
4.266771 0.250037 0.000073 
4.266771 0.250037 0.499882 
6 2 3 4 5 6 7 
5 3 4 5 6 8 
4 4 5 7 8 
3 6 7 8 
3 6 7 8 
2 7 8 
1 8 
0 
6 10 11 12 13 14 15 
5 11 12 13 14 16 
4 12 13 15 16 
3 14 15 16 
3 14 15 16 
2 15 16 
1 16 
0 
