16
-0.472497 -0.249935 0.000068 
-0.472497 -0.249935 0.499850 
-0.472497 0.249935 0.000068 
-0.472497 0.249935 0.499850 
-0.971175 -0.249935 0.000068 
-0.971175 -0.249935 0.499850 
-0.971175 0.249935 0.000068 
-0.971175 0.249935 0.499850 
3.954848 -0.249935 0.000068 
3.954848 -0.249935 0.499850 
3.954848 0.249935 0.000068 
3.954848 0.249935 0.499850 
3.456171 -0.249935 0.000068 
3.456171 -0.249935 0.499850 
3.456171 0.249935 0.000068 
3.456171 0.249935 0.499850 
6 2 3 4 5 6 7 
5 3 4 5 6 8 
4 4 5 7 8 
3 6 7 8 
3 6 7 8 
2 7 8 
1 8 
0 
6 10 11 12 13 14 15 
5 11 12 13 14 16 
4 12 13 15 16 
3 14 15 16 
3 14 15 16 
2 15 16 
1 16 
0 
