16
-0.472252 -0.249446 0.000067 
-0.472252 -0.249446 0.500059 
-0.472252 0.249446 0.000067 
-0.472252 0.249446 0.500059 
-0.974118 -0.249446 0.000067 
-0.974118 -0.249446 0.500059 
-0.974118 0.249446 0.000067 
-0.974118 0.249446 0.500059 
3.723523 -0.249446 0.000067 
3.723523 -0.249446 0.500059 
3.723523 0.249446 0.000067 
3.723523 0.249446 0.500059 
3.221658 -0.249446 0.000067 
3.221658 -0.249446 0.500059 
3.221658 0.249446 0.000067 
3.221658 0.249446 0.500059 
6 2 3 4 5 6 7 
5 3 4 5 6 8 
4 4 5 7 8 
3 6 7 8 
3 6 7 8 
2 7 8 
1 8 
0 
6 10 11 12 13 14 15 
5 11 12 13 14 16 
4 12 13 15 16 
3 14 15 16 
3 14 15 16 
2 15 16 
1 16 
0 
