16
-0.489392 -0.250890 0.000037 
-0.489392 -0.250890 0.500116 
-0.489392 0.250890 0.000037 
-0.489392 0.250890 0.500116 
-0.987010 -0.250890 0.000037 
-0.987010 -0.250890 0.500116 
-0.987010 0.250890 0.000037 
-0.987010 0.250890 0.500116 
1.128308 -0.250890 0.000037 
1.128308 -0.250890 0.500116 
1.128308 0.250890 0.000037 
1.128308 0.250890 0.500116 
0.630690 -0.250890 0.000037 
0.630690 -0.250890 0.500116 
0.630690 0.250890 0.000037 
0.630690 0.250890 0.500116 
6 2 3 4 5 6 7 
5 3 4 5 6 8 
4 4 5 7 8 
3 6 7 8 
3 6 7 8 
2 7 8 
1 8 
0 
6 10 11 12 13 14 15 
5 11 12 13 14 16 
4 12 13 15 16 
3 14 15 16 
3 14 15 16 
2 15 16 
1 16 
0 
