16
-0.485738 -0.249981 0.000040 
-0.485738 -0.249981 0.500423 
-0.485738 0.249981 0.000040 
-0.485738 0.249981 0.500423 
-0.987907 -0.249981 0.000040 
-0.987907 -0.249981 0.500423 
-0.987907 0.249981 0.000040 
-0.987907 0.249981 0.500423 
1.368684 -0.249981 0.000040 
1.368684 -0.249981 0.500423 
1.368684 0.249981 0.000040 
1.368684 0.249981 0.500423 
0.866515 -0.249981 0.000040 
0.866515 -0.249981 0.500423 
0.866515 0.249981 0.000040 
0.866515 0.249981 0.500423 
6 2 3 4 5 6 7 
5 3 4 5 6 8 
4 4 5 7 8 
3 6 7 8 
3 6 7 8 
2 7 8 
1 8 
0 
6 10 11 12 13 14 15 
5 11 12 13 14 16 
4 12 13 15 16 
3 14 15 16 
3 14 15 16 
2 15 16 
1 16 
0 
