16
-0.489036 -0.248160 0.000039 
-0.489036 -0.248160 0.499888 
-0.489036 0.248160 0.000039 
-0.489036 0.248160 0.499888 
-0.990130 -0.248160 0.000039 
-0.990130 -0.248160 0.499888 
-0.990130 0.248160 0.000039 
-0.990130 0.248160 0.499888 
0.891470 -0.248160 0.000039 
0.891470 -0.248160 0.499888 
0.891470 0.248160 0.000039 
0.891470 0.248160 0.499888 
0.390376 -0.248160 0.000039 
0.390376 -0.248160 0.499888 
0.390376 0.248160 0.000039 
0.390376 0.248160 0.499888 
6 2 3 4 5 6 7 
5 3 4 5 6 8 
4 4 5 7 8 
3 6 7 8 
3 6 7 8 
2 7 8 
1 8 
0 
6 10 11 12 13 14 15 
5 11 12 13 14 16 
4 12 13 15 16 
3 14 15 16 
3 14 15 16 
2 15 16 
1 16 
0 
