16
-0.490236 -0.249370 0.000039 
-0.490236 -0.249370 0.499989 
-0.490236 0.249370 0.000039 
-0.490236 0.249370 0.499989 
-0.993085 -0.249370 0.000039 
-0.993085 -0.249370 0.499989 
-0.993085 0.249370 0.000039 
-0.993085 0.249370 0.499989 
0.533586 -0.249370 0.000039 
0.533586 -0.249370 0.499989 
0.533586 0.249370 0.000039 
0.533586 0.249370 0.499989 
0.030738 -0.249370 0.000039 
0.030738 -0.249370 0.499989 
0.030738 0.249370 0.000039 
0.030738 0.249370 0.499989 
6 2 3 4 5 6 7 
5 3 4 5 6 8 
4 4 5 7 8 
3 6 7 8 
3 6 7 8 
2 7 8 
1 8 
0 
6 10 11 12 13 14 15 
5 11 12 13 14 16 
4 12 13 15 16 
3 14 15 16 
3 14 15 16 
2 15 16 
1 16 
0 
