16
-0.470570 -0.250767 0.000064 
-0.470570 -0.250767 0.499918 
-0.470570 0.250767 0.000064 
-0.470570 0.250767 0.499918 
-0.969065 -0.250767 0.000064 
-0.969065 -0.250767 0.499918 
-0.969065 0.250767 0.000064 
-0.969065 0.250767 0.499918 
4.303264 -0.250767 0.000064 
4.303264 -0.250767 0.499918 
4.303264 0.250767 0.000064 
4.303264 0.250767 0.499918 
3.804768 -0.250767 0.000064 
3.804768 -0.250767 0.499918 
3.804768 0.250767 0.000064 
3.804768 0.250767 0.499918 
6 2 3 4 5 6 7 
5 3 4 5 6 8 
4 4 5 7 8 
3 6 7 8 
3 6 7 8 
2 7 8 
1 8 
0 
6 10 11 12 13 14 15 
5 11 12 13 14 16 
4 12 13 15 16 
3 14 15 16 
3 14 15 16 
2 15 16 
1 16 
0 
